preço_basico;cambio_efetivo;Produçao_EUA;quantumexp
100;100;100;100
99,95588884;100,4043796;102,4;96,92392706
98,83840612;101,4655202;103,6288;88,67194695
97,92677547;104,4258986;104,4578304;110,8491435
94,23614174;108,6177512;103,4132521;105,3416836
94,51551242;113,2746432;100,517681;119,8194879
93,86854874;115,3613355;96,89904452;113,1331737
95,03014263;117,5783471;93,7982751;110,8859827
91,79532422;120,0054496;89,29595789;129,2871615
92,32465814;127,4298455;84,11679233;107,8283293
91,32480518;127,8224749;78,73331762;115,8592743
89,89854433;116,3689317;74,08805188;105,1943268
87,70769005;106,7456538;69,79094487;102,6340026
89,06043229;99,33130837;66,16181574;94,69515565
87,92824585;95,25834341;63,4491813;86,97734389
87,39891192;90,67009269;61,60915504;102,5603242
88,66343185;89,15793214;60,37697194;109,7071284
90,32495221;94,7276329;59,41094039;104,5496408
95,82414351;103,1206927;59,52976227;93,20316817
89,51624761;112,1250325;59,64882179;144,6675262
88,81046905;117,5575641;59,88741708;135,5129858
90,08969269;125,5131163;60,78572834;151,4090993
92,0746949;140,9362914;61,51515708;150,5986369
90,97191589;129,3140168;62,6224299;120,1694603
90,32495221;128,9266703;63,93750093;125,0322343
92,2952507;122,433627;65,21625095;111,1254375
95,13306867;128,0172401;66,39014347;114,0173144
97,00044111;123,4256082;66,65570404;117,2960029
93,79503014;109,8880389;66,38908122;130,1528827
94,2067343;105,6287315;65,85796857;144,7596242
95,11836495;103,8944687;65,19938889;132,7132069
98,88251728;102,9546091;64,28659744;136,7286793
100,3234818;106,0145176;63,64373147;144,4649107
102,8966328;103,2490709;63,64373147;163,1792227
106,9107484;102,7826737;64,02559386;168,2077731
108,3223055;104,5970166;65,05000336;132,6211089
108,9398618;105,9899314;66,54615344;146,9699761
111,1160124;104,8669744;68,14326112;125,7874378
112,5569769;107,430212;69,98312917;123,300792
115,6447581;105,6286174;72,36255556;168,5393258
121,0116159;105,7788965;72,36255556;136,8944557
121,7468019;112,3350531;76,92139656;160,9320317
123,2759888;113,9756129;81,22899477;187,5483514
121,2321717;110,6866587;85,20921551;175,7413888
118,8207617;109,0567361;89,64009472;181,1383312
119,1295398;105,475261;93,76353908;178,117517
118,3208352;105,8375749;98,63924311;175,4466753
117,8356124;105,1650663;102,7820913;159,8821146
118,4972798;102,7714963;107,3045033;182,3724443
115,7476842;101,6037666;111,5966835;144,5201695
118,9530951;97,88254751;115,5025674;150,1013078
118,644317;102,6961806;115,3870648;176,4965924
129,4809587;96,74727357;118,9640638;169,6076626
135,4653727;90,94503111;122,1760936;177,4728311
135,9358918;88,7977194;126,9409612;185,1169645
136,8916336;87,68717841;130,74919;198,0106834
140,964564;88,55041333;134,8024149;201,6946031
142,8172328;86,90732229;137,4984632;187,7878062
144,4199382;85,02296891;140,110934;173,2363234
147,1842376;82,10913124;144,0340402;187,3088967
146,7725335;84,69097773;148,0669933;187,5299318
141,3174533;85,27591674;152,6570701;160,5820593
142,1114542;80,31137605;157,6947534;148,9408731
141,1851198;80,08562404;163,3717645;191,8216983
141,3762682;80,33086546;171,0502375;163,5107755
142,7290104;83,87783368;178,4053977;168,668263
149,5221291;86,16199906;186,4336406;183,3855222
150,1396853;84,41196127;195,568889;214,5330632
150,7719453;84,12662002;204,7606268;212,8384601
153,6538744;83,83355343;216,2272219;194,1425677
150,6396118;81,95350112;226,8223557;196,2792411
149,3750919;83,40218077;235,4416052;186,0932032
151,6247611;83,7679149;242,5048534;189,5560877
151,1983532;82,39805543;248,8099796;171,1549088
149,3309807;81,21878948;257,2695189;158,6848407
155,3006911;81,81264959;263,1867178;197,476515
158,0208793;80,76075611;268,1872655;188,8008841
159,7853257;79,38322838;272,4782617;203,5734021
162,6378474;77,51720222;276,2929574;193,9767913
167,7106308;76,53853498;280,1610588;204,8259348
172,0776356;79,20979343;284,9237968;215,1961687
175,4153801;77,65301558;290,3373489;200,9025603
184,6346126;74,94199864;295,5634212;217,2591638
187,9870607;75,55094048;301,770253;190,9375576
196,7063667;75,84887812;306,2968068;188,9298213
203,7494486;76,34571897;313,3416334;172,3153435
205,0139685;75,31110593;316,4750497;165,5185117
207,8811939;77,24091101;321,5386505;159,2374286
213,6156448;77,65620101;321,2171119;172,7942531
227,8782532;76,94325652;320,8958948;226,561061
258,7413616;76,13844475;321,8585824;205,0653896
278,9736803;76,38506001;321,5367239;215,1777491
285,8550213;75,8164145;316,713673;202,707681
272,739303;83,35799136;302,4615577;209,8544852
264,5934421;95,63624444;290,0606339;197,7712286
232,2452581;96,3307767;274,107299;171,8916928
203,0730775;101,8985665;246,6965691;175,2808989
188,810469;96,86435407;217,5863739;130,8159882
179,4736068;94,86504562;189,7353181;132,842144
187,0754301;94,00154514;165,4491974;163,7502302
186,2520218;89,7145295;144,7680477;172,4442807
185,4433172;84,55446764;125,3691293;168,2998711
198,2061462;80,98543879;108,3189277;195,1740652
199,735333;79,50342833;94,12914819;189,9797384
199,5147772;76,511383;84,05732933;184,3065021
207,5577121;75,75318593;78,92983224;178,4490698
204,3228937;72,80491054;73,32581415;180,1068337
205,3668578;72,81691031;69,58619763;158,2243507
212,5275695;73,73059363;68,19447368;175,3177381
217,3797971;74,29349561;68,80822394;137,1339105
217,2033524;75,57360761;69,97796375;147,0436544
213,9244229;73,65982046;72,7770823;188,671947
224,7022497;72,62356187;76,56149058;178,4306502
245,0963094;73,82379124;82,38016386;198,7290477
245,5080135;73,55893701;89,1353373;193,442623
259,0060285;73,81128631;95,99875827;195,0819672
277,2827525;74,61384586;101,9506813;206,1521459
285,0463167;73,47135424;107,4560181;197,752809
288,1340979;73,83744248;113,151187;191,3059495
293,7950301;75,02959136;119,2613511;181,009394
302,3378915;74,29928714;126,2977708;207,8099097
305,3815615;73,43117353;132,8652549;147,154172
313,2921629;74,54250953;140,3057092;160,3426045
319,0266137;75,69538215;148,583746;180,4936452
336,082929;74,1086658;156,0129334;180,364708
348,9780915;76,20341608;161,3173731;203,4260453
349,5515365;76,23553012;166,8021638;208,0493645
347,6400529;76,60883177;172,9738438;193,9215325
353,7568005;79,43401533;178,8549545;224,7375207
352,2276136;87,34291429;184,5783131;200,9393995
351,1395383;89,33812377;191,7768673;192,1164119
333,5685929;90,98861617;198,8726114;193,9399521
319,5706514;93,50357771;204,6399171;202,062995
305,8667843;91,50372365;211,5976743;150,8933505
301,0586678;89,54867945;220,4847766;169,8655369
308,0723423;94,8786151;228,8631981;194,0136305
320,3940597;98,58783796;240,7640844;178,2648738
322,5996177;105,2602263;252,0799964;210,9044023
314,70372;108,1963929;263,9277562;179,6831829
309,454492;107,3133043;275,5405775;198,3974949
309,8514924;108,3717557;283,2557136;211,1622767
305,3962653;109,670228;291,1868736;190,2191932
299,0589619;110,0038624;296,1370505;209,357156
300;111,9315248;303,5404767;197,384417
303,8670784;113,2625909;310,2183672;189,7402837
